27
6
27
16
34
27
19
40
28
27
15
35
31
19
31
8
8
27
8
-1
22
24
39
22
28
34
28
5
-1
11
11
10
10
10
24
28
11
21
10
26
28
5
-1
18
16
31
20
40
13
35
26
31
4
31
41
-1
11
2
25
25
25
30
32
30
27
33
21
13
32
14
31
19
6
35
35
29
29
6
32
32
32
24
-1
38
41
13
15
25
21
30
16
34
38
6
21
35
33
38
13
-1
39
14
14
39
39
6
-1
12
29
29
26
29
12
12
28
16
-1
23
41
18
23
38
7
13
39
9
4
5
8
41
18
18
23
41
0
7
30
36
19
9
40
15
18
20
20
20
5
0
41
15
40
17
22
37
15
0
2
2
33
23
9
33
33
7
7
25
37
16
20
39
24
4
34
38
34
35
17
-1
4
38
9
0
23
17
17
37
22
14
40
18
30
12
40
36
1
19
3
3
3
18
18
1
26
1
36
36
3
37
36
37
36
36
-1
