5
28
22
8
2
5
15
26
29
29
10
3
21
5
2
4
1
0
24
28
5
4
5
19
22
14
22
17
16
13
0
17
24
12
13
26
17
6
23
0
3
19
26
27
18
5
22
5
3
25
2
9
29
29
29
1
1
4
24
29
2
4
1
29
26
2
2
7
2
6
3
4
2
-1
29
3
6
3
4
6
4
19
5
2
2
5
3
1
5
2
1
6
1
11
6
3
3
6
19
1
1
6
1
-1
6
6
19
29
1
29
29
1
1
4
24
29
2
4
1
29
26
2
2
2
7
6
3
29
4
2
-1
29
3
6
3
4
6
4
19
5
2
2
5
3
1
5
2
1
6
1
11
6
3
3
6
19
1
1
6
1
-1
6
6
19
29
1
2
6
2
4
2
29
20
1
-1
1
-1
3
6
29
3
19
26
-1
1
3
1
29
3
19
-1
5
3
4
19
-1
29
-1
5
5
2
2
2
6
-1
2
6
4
2
2
5
5
2
-1
4
2
3
-1
4
4
4
2
6
2
4
2
-1
29
20
1
3
1
-1
3
6
29
3
19
26
-1
1
3
1
29
3
19
-1
5
3
4
19
-1
29
5
5
2
2
2
6
-1
2
6
4
2
2
5
5
2
-1
4
2
3
-1
4
4
4
29
29
4
19
1
29
4
5
5
29
24
5
2
5
29
29
2
6
3
3
4
4
5
4
3
6
3
5
19
