5
9
0
12
6
41
42
31
9
15
15
0
2
16
8
5
1
41
6
3
6
5
3
3
5
15
43
15
41
9
15
8
10
32
51
-1
51
15
15
38
51
51
51
51
5
5
5
2
2
15
9
51
15
9
8
28
28
28
5
4
8
49
2
8
8
6
6
41
37
51
28
6
51
51
8
9
49
35
9
9
8
9
9
5
28
1
15
4
1
15
15
1
1
4
4
1
28
1
49
51
4
8
19
8
4
8
8
49
5
4
3
3
28
34
3
4
6
2
6
5
1
8
39
9
9
30
46
15
9
51
15
9
8
28
28
28
5
4
8
49
2
8
8
6
6
41
37
51
28
6
51
51
8
9
49
35
9
9
8
9
9
5
28
1
15
4
1
15
15
1
1
4
4
1
28
1
49
51
4
8
19
8
4
8
8
49
5
4
3
3
28
34
3
4
6
2
6
5
1
8
39
9
9
30
46
15
9
51
15
9
8
28
28
28
5
4
8
49
2
8
8
6
6
41
37
51
28
6
51
51
8
9
49
9
9
8
9
9
5
28
1
15
4
1
15
15
1
1
4
4
1
28
1
49
51
4
8
19
8
4
8
8
49
5
4
3
3
28
34
3
4
6
2
6
5
1
8
39
9
9
30
46
8
10
32
51
-1
51
15
15
38
51
51
51
51
5
5
5
2
-1
2
2
2
6
4
4
33
4
33
28
8
28
8
49
8
28
6
14
5
15
45
3
2
-1
5
39
16
2
16
2
6
11
21
2
51
28
15
15
29
5
5
31
3
-1
17
51
51
3
3
6
26
5
3
8
3
3
43
5
23
3
-1
22
3
28
30
6
1
15
3
3
50
3
50
27
18
50
22
22
18
22
-1
27
27
18
15
9
15
28
4
44
3
44
44
15
32
3
3
18
-1
15
51
42
3
48
14
8
13
8
49
5
5
43
4
9
5
2
24
8
9
-1
5
28
9
32
32
36
5
28
8
-1
9
9
51
2
4
11
8
2
2
-1
-1
5
2
8
-1
34
28
-1
-1
2
-1
1
24
47
28
8
2
13
47
8
-1
2
20
2
-1
-1
19
12
2
43
2
15
8
-1
5
6
6
1
0
-1
4
2
4
5
51
2
51
28
7
15
2
28
9
28
-1
-1
5
28
8
-1
2
8
2
48
40
15
40
2
5
2
-1
51
51
51
8
25
5
5
2
4
