-1
80
71
81
69
28
28
39
79
81
70
53
38
79
79
44
62
78
81
42
81
60
83
6
84
72
48
60
57
72
72
79
73
53
40
66
66
66
62
70
70
69
69
65
79
73
54
79
38
38
25
46
23
42
49
-1
10
26
53
23
3
-1
25
22
22
40
11
36
38
50
-1
59
44
5
41
5
34
44
49
45
55
19
6
3
2
2
21
49
68
17
19
1
0
39
73
65
37
64
73
49
59
50
47
37
80
-1
46
-1
46
48
48
45
73
80
80
18
47
45
62
47
65
36
41
52
56
45
59
55
55
32
13
54
12
37
14
53
15
31
31
33
26
24
51
24
4
7
43
13
16
30
14
32
29
20
35
15
12
8
8
33
28
36
16
56
30
29
21
-1
18
40
7
20
9
4
34
30
43
15
52
32
13
54
12
37
14
53
15
31
31
33
26
24
51
24
4
7
43
13
16
30
14
32
29
20
35
15
12
8
8
33
28
36
16
56
30
29
21
-1
18
40
7
20
9
4
34
30
43
15
52
29
62
58
80
77
84
77
63
77
59
59
52
-1
84
-1
57
82
55
77
58
83
52
84
63
82
58
77
82
82
77
63
67
67
32
67
42
78
62
62
67
63
67
63
67
50
50
58
58
58
51
-1
37
27
84
64
83
11
71
35
35
72
51
64
64
71
83
27
83
70
83
71
70
27
60
-1
-1
74
-1
69
74
61
61
-1
69
74
54
78
74
54
61
74
74
66
81
51
9
78
74
54
33
61
61
61
61
-1
46
23
42
49
-1
10
26
53
23
3
-1
25
22
22
40
11
36
38
50
-1
59
44
5
41
5
34
44
49
45
55
19
6
3
2
2
21
49
68
17
19
1
0
39
27
78
68
-1
10
76
34
39
27
66
68
76
65
72
71
75
48
76
56
75
76
68
60
43
-1
76
17
53
81
82
57
56
25
-1
31
57
41
-1
78
76
47
68
76
75
75
75
75
-1
